
function vehicle = Atlas_V_501 ()

vehicle.name = "Atlas_V_501";

 vehicle.stage =[
 struct( ...
    'm_dry',   21054, ...
    'm_prop',  263035, ...
    'thrust',  4152000, ...
    'isp',     338.4, ...
    'Cd',      0.2, ...
    'A',       22.90, ...
    'A_exit',  1.61 , ...
    'pld_guess', 5000) %lower bounds

struct( ...
    'm_dry',   5986, ...
    'm_prop',  20830, ...
    'thrust',  99200, ...
    'isp',     450, ...
    'Cd',      0.2, ...
    'A',       22.90, ...
    'A_exit',  1.61, ...
    'pld_guess', 15000) %upper bounds
];

vehicle.performance.interval=100e3;

vehicle.performance.altitude=[ ...
    500e3 ...
    600e3 ...
    700e3 ...
    800e3 ...
    900e3...
    1000e3 ...
    1100e3 ...
    1200e3 ...
    1300e3 ...
    1400e3 ...
    1500e3 ...
    1600e3 ...
    1700e3 ...
    1800e3 ...
    1900e3 ...
    2000e3 ];

vehicle.performance.payload=[
    8005
    7939
    7856
    7777
    7680
    7588
    7496
    7403
    7311
    7214
    7126
    7039
    6953
    6869
    6786
    6704 ];

end