
function vehicle = Atlas_V_401 ()

vehicle.name = "Atlas_V_401";

 vehicle.stage =[
 struct( ...
    'm_dry',   21054, ...
    'm_prop',  263035, ...
    'thrust',  4152000, ...
    'isp',     338.4, ...
    'Cd',      0.2, ...
    'A',       13.85, ...
    'A_exit',  1.61, ...
    'pld_guess', 5000) %lower bounds

struct( ...
    'm_dry',   4585, ...
    'm_prop',  20830, ...
    'thrust',  99200, ...
    'isp',     450, ...
    'Cd',      0.2, ...
    'A',       13.85, ...
    'A_exit',  1.61, ...
    'pld_guess', 15000) %upper bounds
];
 
vehicle.performance.interval=100e3;

vehicle.performance.altitude=[ ...
    500e3 ...
    600e3 ...
    700e3 ...
    800e3 ...
    900e3...
    1000e3 ...
    1100e3 ...
    1200e3 ...
    1300e3 ...
    1400e3 ...
    1500e3 ...
    1600e3 ...
    1700e3 ...
    1800e3 ...
    1900e3 ... 
    2000e3 ...
    % 35786e3
    ];

vehicle.performance.payload=[
    9269
    9224
    9174
    9122
    9067
    9011
    8952
    8842
    8733
    8625
    8518
    8413
    8309
    8207
    8107
    8008
    % 4750
 ];

end